1:
30878
2647871
1283744
2488120
317050
1904905
1989766
14756
1027056
1149588
1394012
1406595
2529547
1682104
2625019
2603381
1774623
470861
712610
1772839
1059319
2380848
548064
10:
1952305
1531863
11:
669077
2615605
1616284
178143
1562197
697474
1340920
1887139
386427
1012466
669117
1389422
2565053
12:
1080872
2486771
2035299
528356
1568056
713230
1494683
1552874
1885503
2305495
13:
1195319
2349173
2131832
1860468
615010
1763541
14:
1140547
2160016
1598256
1510242
668344
1307286
1420093
2447578
2460347
551748
15:
1471457
616735
1919493
1714526
46869
1992224
1761514
29904
393062
2257454
987507
16:
922231
2078728
1203779
1954834
973789
2234000
1545203
892185
796192
290670
2419914
2340654
132594
1279509
2213137
2020045
2242360
1062213
669156
2200600
2356915
93804
1600210
2466397
1627400
1232715
487867
1844214
1178389
2057355
674927
1838252
2219709
1725705
2550944
240399
2538567
1412535
2141441
2366677
1210088
1762082
261654
1732073
2188086
271420
2646160
2238483
1299368
17:
2261008
2603559
1528362
1859325
1918591
611315
630953
2024169
1295028
1964818
1865808
149766
807743
571280
97350
2395017
1548286
2488910
923710
632970
1065691
2632227
2624371
511340
2324465
1859420
340339
1560412
2309640
455645
324395
2567417
2253960
1837290
548690
1688945
313857
487068
1035097
1620868
782781
1021233
1478264
906091
1357068
480759
723700
912623
327993
1167980
38473
175503
1628934
1428389
1690809
97849
380135
229983
835544
875092
2403699
333273
1431761
110622
1523413
1446574
811568
117939
594161
2002136
2260447
2421395
1193336
2542073
981883
999159
2282634
1602583
1508417
433559
1607940
675922
897734
86730
2481120
641760
1305985
374606
1101177
20392
1429293
678662
2558832
907802
2452603
2408577
1057372
971507
949465
1816468
756962
1733839
919347
1405051
2254872
237655
1867184
2005819
203975
319833
1239593
2380395
498988
296354
420080
1992360
398610
1987956
928941
262275
1482288
125569
2494022
432447
223077
2104319
1059699
1374020
156782
992330
378214
1979806
809762
1172522
1184580
2269750
1308127
2613076
140440
763337
1842255
1710240
2424360
393955
1462799
597781
376013
1770376
1135293
1007100
2029981
1689045
416400
2060540
2108637
2274195
1523223
1876690
1567086
2375482
1894954
524610
554567
1030074
337202
2271758
251421
2570166
962225
1626533
795483
1630811
1086540
1175674
1825603
1689219
645334
239992
1244805
1493912
2461142
384188
451827
1192023
1572350
2349204
91373
1413269
1351136
1215431
2265286
1416929
975216
54333
15732
1826520
1979157
1689740
680958
1094761
300572
1061020
1026367
1563848
91272
949923
2430913
845620
1799716
898370
1175588
2485550
809945
890518
2449999
2108491
2152347
990916
297624
1967929
629260
2096346
325111
1802262
1850737
814432
1839424
2213584
1162041
306454
2210523
1704841
1700453
852490
1388257
2383520
1320408
1369630
1270218
1693929
545115
1643068
1997736
950712
149588
1951754
2291607
1259487
2391026
1533545
451309
2378189
413175
114620
2535635
30873
1078816
640531
714346
1701438
842107
1588901
2210746
237936
889738
650900
2065265
480809
1646956
783142
2337603
42836
212808
2504144
526661
1065873
1938254
1786989
412235
2302505
1865788
163357
2610874
973655
849237
2608846
486802
1253562
1782410
269776
2236922
894114
2186515
2202771
695238
2135496
2415919
1801463
1799311
1504919
1420255
529609
1289557
2268359
1316616
93045
1163547
2490539
1915478
673508
1365991
175869
168281
496374
849867
831603
1026687
2585947
411468
938590
333011
1416745
2166492
500793
911
2607964
114618
979398
654840
1356520
2204853
876716
1430935
2040232
1180830
2554566
188461
1835914
561624
2373311
1152904
1460509
255012
896130
571286
2298752
131221
2363204
376407
57043
449233
2219876
1169021
1415803
1958428
843771
51972
746268
2174569
2423874
832162
2205330
247744
672991
2141356
1280746
57843
953663
2099128
2552611
2329094
1941657
1256979
23589
904315
1305796
2395124
1971939
53043
417787
2576949
780855
2548287
591866
2148331
180306
2026740
774367
1659827
371369
1761369
1579598
999151
2585859
918312
472660
1924653
25338
1432255
1229287
773761
1385877
206969
1850563
1319306
8230
1955133
922628
866371
2085988
2576024
1515373
86221
2087272
1750705
2302453
1131049
1094203
339592
650911
1455720
1700999
526398
1440629
1857268
2450736
1602078
975758
1293165
1976824
2250196
1176143
1675902
1327352
1347064
299805
1604716
2476251
380906
2562831
1980992
860307
905310
282406
446575
1778466
958359
383067
55143
1550986
631611
2626597
2000589
2378228
1192853
2488891
2063672
2112918
2628943
693193
648973
880609
1783227
2308518
779193
943590
1118957
379291
1663871
296743
1798203
1940851
589280
1410553
1365052
2602672
2317849
157016
1921387
2068834
608026
2203026
2135488
1227391
1940325
345655
2561086
1856101
879303
339616
1474318
2297101
579197
844417
415605
1560582
637867
1684601
1750077
635117
289316
1278662
1322387
537734
549747
1309117
960996
1861654
214934
1299450
1406428
345752
874411
2261547
1607424
1354046
1960855
1848970
1465214
1727556
2359270
2474372
2231134
2070732
1206927
1510107
273404
2476409
778442
2033742
2619665
1890179
715856
159727
1013391
2291274
2048809
323253
2280704
2549774
1955352
300757
1904657
1728361
1047618
443346
1545107
1469921
2285417
1447561
2322387
486048
1246469
1952409
2185960
2465247
395796
607797
958464
1598792
515278
1462424
2134365
244077
2067516
1133974
1316599
660837
1390609
39450
234325
2081233
1363753
1950585
1788613
2266859
1581265
914326
2268019
435771
2490477
2604947
1237152
325338
1073842
307996
1135129
581775
1913810
984482
706405
87972
1058560
431783
2013153
467094
1573680
381812
1626164
152050
399760
2405356
535491
2003899
227541
405058
208255
18:
1527030
2287322
44268
368343
1582714
1209833
750281
1498586
1553250
350978
1211234
1561061
1196076
592951
2566674
503493
2631668
1776452
425045
481752
470282
1833567
1453667
1200781
701103
325759
2604811
167728
46711
2151157
372216
498014
2355624
1444076
1532779
29318
787968
1426839
2592839
107622
1233114
2177183
2547553
575323
1093210
910768
39939
2068892
2392382
1714983
370771
1583129
1896595
49642
795561
2192675
25361
2060593
205660
218627
1520579
2038288
1901708
1118140
2540825
1442701
2134151
1406412
54405
290670
2290659
2438352
493754
1414013
1062376
128766
276535
429997
2175625
1869158
1396860
1226618
1772127
2552125
9462
1544425
1381503
2396180
2486203
2257488
474501
772267
1520034
491066
373679
170661
2468394
666201
532207
416173
1873499
78544
2153361
452765
2309116
1785710
531698
2610649
620595
2012116
437729
637266
1996338
2436359
2594566
1459896
1254572
169941
1929310
437371
2387221
433877
1081560
172405
1760658
1818472
2460284
90463
595455
1704146
594738
1814827
1639532
2008936
1780095
2519375
1709186
848496
1673594
207060
854266
1554625
687591
1456333
1637213
370215
1153067
1941999
457713
595252
819533
1396735
858110
1934257
43730
2273123
1592140
399778
698827
1331319
319203
472792
1476724
1708442
1076815
1261395
955974
589069
16855
12947
107922
272402
1945763
2575519
2310986
326792
522924
1526628
1074857
2145288
1321979
2645491
1501608
72368
2009880
551682
511883
919219
69475
1483383
1556898
106865
1227739
1052539
2320476
1008841
970589
1468927
752476
1174741
2382843
486644
2436362
1636695
1112506
870576
1053545
160584
1830031
1343840
837242
485091
1309805
358546
1985778
1744653
607220
1671687
1950289
1231218
914296
1697800
927018
785311
2527928
1915938
1494116
2280062
858229
2463365
2017543
133993
1835827
2051573
581293
538529
1678642
805207
1547247
1952674
2309580
2194143
488705
802022
1970504
1485424
501279
2241263
2292809
722526
786649
1437146
1727531
201085
1016155
776582
1913533
1863021
1695368
1928698
1227110
571277
767814
1100552
424
1574973
1399726
398394
2230101
2202042
2409816
1000489
683806
2180835
1475156
1092427
1116370
672674
80320
763145
2621962
2287976
1918276
823118
2591966
2471566
2322068
269062
1158399
1382052
409378
1299493
2210042
505361
54217
2221092
1141065
2147081
1299368
2384777
19:
236351
2240248
2015165
1066570
590984
2147047
1934532
1234014
897853
1640285
1609375
1689349
61622
972282
1862971
2393326
1519692
2:
1959936
748922
1131325
1312846
2314531
1636093
584750
2418486
715897
1172326
20:
1254903
2219254
21:
476557
2394974
1464729
1997346
22:
2275708
370642
2414681
2288057
23:
1514348
539249
1077336
1842668
1549483
2299697
1817781
1849300
2639221
1637213
1743210
510820
487754
226988
2406838
2115919
24:
1794276
2574940
2220209
641144
1527407
1389360
2602696
968251
465558
1815588
2344985
806443
1583631
1463254
1164546
1510915
266652
2239922
2370241
135932
994862
1592816
1110428
2197074
202623
2063172
1928698
1116370
25:
2209931
387693
2552504
2455669
488900
1106081
2242704
1956231
1298437
179380
1568641
2351954
224396
53785
2373992
2506094
2033641
1528902
387543
2210289
632767
470613
1160227
132700
2280450
2293511
879086
2533178
2011181
2050272
699217
1555416
2085453
2253583
812068
1449090
1092522
912961
211048
1068275
2044859
844494
1403609
1508018
981307
397007
197472
1550977
2180053
1157360
2058752
26:
617782
971723
251536
1746305
2625158
1994236
1339449
1546233
403521
123134
1195594
2246008
2040351
192898
878542
1670075
574653
1034149
455134
1362855
2430362
542278
2268876
340002
1251931
2365032
708502
1471789
1027945
678196
2438302
498182
2107834
630134
2577659
49000
2574937
2140012
1426404
1906979
1323351
1680043
2379084
659630
2413696
2601078
977446
1870474
957459
1203186
2611833
364471
2117885
1151881
2351803
2159054
758080
410070
2062197
64593
1287593
579959
2598077
944388
1632356
2498475
1475038
1033132
1811650
1823731
1110306
427991
593204
2423493
2569944
1535446
661502
1293477
1681991
1255057
2228000
777488
340166
140565
1730485
573937
1772442
542122
85159
1718936
534655
1717503
1151006
1566596
609144
2343571
467639
653164
708416
689461
52591
2417170
2488907
627111
271005
2303996
1709895
2185548
27:
2518824
1196166
627515
53794
1299602
70754
2498932
1828542
510820
404605
2634333
2152465
870674
1474706
2460347
28:
760380
31522
962864
383059
105595
2262706
2260151
1562438
589864
910721
1335879
991323
1971852
982239
66857
1179375
2043538
2229588
2028350
1756761
1746464
1288566
2001983
863180
840382
858700
1820275
2221397
2130250
858121
789429
480598
2143683
2312816
140736
1207281
805087
2312054
2084798
1771818
586916
2145497
841713
2434572
248499
225544
605762
926070
2210517
2165002
2238411
902342
1120177
1871944
738682
185509
1866775
1943280
2457984
608023
214255
902532
1701104
1886169
2105798
1203857
220792
1260362
1888186
2526941
1504131
669667
1631741
1997439
2291629
1971472
729834
1058902
539249
2449527
2609906
2259618
2128215
2488663
1300489
2181927
1682213
1076179
1083093
461399
1530512
1882907
1304052
783936
87154
997275
219328
1329827
41739
830242
230758
1117508
583716
2116150
2171571
1661872
1746635
1690070
555857
962406
761041
1404793
1818537
2625100
1248801
950289
1499435
967921
1835340
896241
392872
425001
1842668
9801
1983122
937784
848211
563769
1855958
2255151
1266560
1410063
1750270
986319
523827
2417880
1765366
618338
1230806
1669708
2176261
1673064
1135233
1508661
2098394
2614951
725158
933692
1016426
1635708
1328018
1113707
11765
1539141
1821001
444358
1587772
647253
984649
571530
542969
1947372
2524193
1202903
1970207
774635
2560417
2178830
459038
2293629
1552082
2125939
1386389
1223407
1027933
381974
2086623
1601494
864258
787869
744083
275497
434866
1126446
2607623
1359023
1958236
2414348
340155
117797
1590441
692605
1977429
2063682
771923
76844
256078
2459606
1920382
722776
1653334
2412401
941589
288794
515589
1658397
1174703
595438
1066819
2497835
1449093
728724
1215808
299945
2591796
854194
2196267
2257927
2050402
2399091
2172954
705472
1018053
716320
290670
2491528
1021284
1967448
121458
1495826
2052146
188093
1761875
2475251
1955058
304384
1303390
2450959
1479712
241913
2479818
350150
2086089
33927
1747212
2437615
2247184
914848
2391943
558255
140685
1558914
342928
219710
2475347
2030494
2193361
94367
1152411
2013981
727402
2482487
2224701
1560934
1099619
1956423
396390
1687311
2224299
704254
2602269
468921
524163
907766
1841017
2390127
2477594
1712437
907300
464063
230643
15893
142187
754855
545670
1226575
1402088
467638
1322507
640520
1987695
691704
1296537
565839
1090713
492197
2400417
2587757
1826917
2212269
2424855
2516942
890546
1366580
1010396
2142917
760448
329269
1738797
396820
2379296
364153
2421781
367041
70330
1965446
47944
1240580
562545
1208277
802196
913731
2350832
1382680
2111774
470613
2341477
241317
76390
1074354
479730
514406
300887
1723745
257219
2617613
2213393
2304846
2316488
1674194
517173
994416
1613520
1737920
1239201
556798
2291678
2069813
462165
915748
2011973
1011086
1568056
2617128
450510
1722392
259182
349649
2014695
2423007
1287764
112327
891587
629260
214944
1166845
1797922
202383
1076077
685485
417627
555778
403275
746876
84559
2249062
663709
595094
1587767
1807692
1974223
257029
155681
328431
983993
1794125
127441
2449717
2632339
943543
2151166
2147516
597729
347899
215807
648852
2402302
1867844
375753
1292726
702085
956022
1892828
302178
400674
2505339
195561
1584
317419
2092517
354246
1837498
163224
1401638
884683
2407455
917813
373263
221069
647127
1131551
1073461
1209528
409563
382410
127949
1115163
1643946
2043312
1113492
2046411
2533124
1122383
641606
388378
2388323
1208325
287034
1132304
1950283
446645
1210766
1353162
1756690
793605
2623235
898680
2087310
1512037
1046692
1470819
2467270
2023948
349753
164454
2085720
2606036
2176309
323609
2522547
1722121
1076255
1910986
1496522
218728
2087961
56859
1996348
565796
1403925
1014626
1926720
1719220
1727554
87948
108157
562698
1658346
592746
2258207
604895
1710041
1318008
1458894
1632790
1614264
359321
1662293
2254969
2517009
1873783
2479362
2202085
2354576
1010872
1308155
1058449
375135
294495
1875469
1868650
2313054
1148748
2489036
1820675
1277739
173340
1852594
1330703
2078731
1839656
2097068
1970323
499155
1465920
430902
440236
1915074
1482116
888200
2092263
1572692
1182493
136197
1253878
1040173
464178
683456
1716656
709993
317432
2377445
2247909
2452323
1227993
77467
2145288
1184917
2302665
1504475
571810
1501608
1972160
1903214
502890
290000
1974356
2603916
1564966
218519
1520437
2427506
1998057
1706811
124639
172118
580383
1810016
1328914
1766823
1316618
1917357
1594502
644309
1718019
1459519
2336240
1537521
425889
416435
1154523
1408379
107051
1223473
2214253
2596795
1182783
1661937
195389
6315
798874
690027
2165747
303812
1880468
1610431
969564
1341078
2213213
1245401
76709
391540
1760983
2268686
393085
1444385
1306679
2612467
2430291
1375916
71750
1013733
2493607
751757
2152930
2573566
705426
953778
676812
97351
2598334
1589598
680507
212083
138582
2247748
133728
17530
1223599
2451451
29811
479979
450494
268889
2428576
1660176
1747599
1915066
1829289
2516111
1270137
676515
1567432
2373580
119847
1219847
366301
743888
2459895
1295320
412247
1560970
1128593
734789
1787120
1611288
89649
140638
829490
182658
2072828
2357606
2499426
475301
2327031
1842096
257661
2630960
1725021
2309145
2403773
341711
658487
1095936
1444684
379839
276885
499540
1692306
844790
1587290
1653314
1469644
1955032
1494116
2120945
460713
2041665
2406634
1510018
788031
1302348
706392
456920
73316
659990
439321
813834
958837
1350931
1219300
509133
62512
1207868
37737
2301575
944024
375875
2055075
735881
2170135
570341
47150
668939
511767
2604887
992975
2121459
1021146
225618
340509
2397971
1230771
1090222
2162356
877755
2026317
134877
562708
1013474
410236
2495176
220906
2589132
1423533
249960
2257842
2440237
818200
1996447
1510407
1796124
329912
1157899
1821753
1349276
452414
1551273
2492500
1274221
1274032
1926656
1140769
1096654
468968
1991066
1156128
1624455
2471610
1355962
1500196
1813849
1821055
478423
1342908
1806118
747821
577249
493350
2217808
1967884
1027444
1127837
2454551
1505978
2177653
177806
1806469
1113023
2448740
1104686
650097
1542741
1974539
2188465
1624146
1088559
1974688
1402560
1948154
2464439
728816
1574388
327261
2322501
869893
1055234
109241
381658
1202879
2206568
546205
1816681
366746
1801320
432617
1055248
1566467
2621070
2629731
1202544
1215782
2334981
1290581
1434196
1471932
87764
696883
922091
879529
1695599
2136888
1649826
1630808
1967668
511185
1855266
1086811
2131539
1669659
490737
318936
1388847
889021
2380866
748953
1167058
238714
1785665
2182089
2188936
36523
1837286
1279298
1508954
121276
288923
1003662
1732638
1713608
871753
812593
377616
1612221
721267
879910
2210224
2599380
250404
1555792
2274781
718396
1152392
1053229
408169
979794
992452
535510
662358
906451
777030
990987
2263611
2628112
664289
1029729
988545
590329
1930662
984997
1256029
2436891
1331639
1967701
1345990
2043112
1017411
1226540
2226019
1999186
1873247
6457
1382846
931881
1321580
1140002
1794244
2586852
1714566
2026155
1345808
1702649
1022851
519574
55448
346299
1667463
1400969
2272551
549718
1434128
1972338
1090416
1261686
143127
2626974
1207856
1623410
1480872
2484775
2220615
2351636
1168758
1718701
1063952
1664085
1384773
786426
1700235
1176388
638995
2137458
2067053
298618
57724
226280
391796
896973
2327526
1446418
1295138
648412
1485184
2325714
455570
2412326
29:
1410644
804338
17916
1719378
581490
372411
2113794
1456447
43470
3:
2344483
2229289
311641
2428502
475143
44402
47512
1246260
1148318
307313
1434479
1043428
2477231
349821
1514528
1641505
1993442
114072
2561674
2390623
2251677
2297310
823979
1543897
1347925
177678
1822229
2081473
30:
2640108
193498
618010
655330
937495
80295
2502122
1312269
2182386
1018836
1268551
1046513
316042
197443
2480084
932768
1892917
725596
2354291
307049
1604097
1588300
2368728
886563
1876877
2455124
1009082
1443683
2000622
1041498
476119
1217256
842925
2229483
2610933
2059382
2146618
549678
2360131
2013239
1615189
1001683
1982364
1831337
1256163
254313
1951132
574906
1126635
2325598
1179375
380277
2373080
1334165
1489579
2389821
131439
538136
2010312
73568
41873
2340302
2415313
1231410
1753580
1544395
2452773
1442680
649015
2275132
856398
1246386
1805997
1133956
2001983
1250759
2551321
2048802
863180
984773
443034
2051116
1671727
1179597
852813
1699974
975667
1794366
2046093
1082656
955266
41355
276294
2256535
617628
780343
637337
2092358
70617
1592201
1485923
1363595
298900
305969
1691756
770923
1976346
1422368
284560
2184505
2110908
1163811
900994
2532881
191334
1984352
221653
1268381
2205601
2310495
261437
2431142
66919
1539266
922928
2035278
1669857
316012
1283698
889461
1842352
1318076
1716005
579245
1744125
599662
1100884
1818896
16184
177968
2387822
1940779
541664
1332244
2575090
626718
410119
1706934
2472617
1285322
1368205
1641461
2536602
1763570
176624
2541452
1903606
2014583
2508191
749203
1410070
1355237
1182916
127857
2191580
25257
316907
2116419
225544
2212135
2002741
59808
1473935
585239
1926339
2285825
1312946
1812334
1153585
662994
1565020
1905087
1127851
385926
345637
1968507
830363
902353
710630
597330
211802
549997
859072
704073
802129
695858
2092291
1112474
602123
2369113
2336064
2185523
797393
2473400
394860
856846
748194
672182
2182550
2572489
1527284
2309328
2203894
2246599
1945994
953390
566815
1043185
2415060
1260443
454354
2350432
400744
2110081
2549549
1212874
187026
2371506
2368824
2210725
923620
1409377
2126814
2557976
676998
1633898
1253980
1664589
1424787
999392
2563089
2515863
1815670
2585047
537553
2601301
661260
1235960
567213
940449
1142291
1938159
356354
2356416
1011591
1476573
1844411
943505
2551660
238480
2436875
2569615
692694
324403
120845
2356247
1345145
2153774
1438819
758793
1183942
1587412
1513943
148751
1153818
1443399
280810
1398431
303880
1864707
2175000
146842
1399381
939997
1631968
346689
505205
910537
1034338
2526386
2598561
98834
2358469
1607858
1836747
1454116
1886155
581240
670693
1659613
654132
1661608
1528740
921689
1605768
799710
2644562
373118
256673
789904
2155039
2648891
1378053
829203
406670
1041216
2162504
1727109
167867
1438923
1116499
1795153
2407297
387459
1662165
1459397
653588
1188638
1743669
2048829
1238437
131146
2087730
908959
1910035
1260096
611447
2184584
1911350
218427
854946
1503002
2611663
686162
2497508
2102421
1665372
172354
199327
602737
1378864
2598924
513887
391907
1637011
108015
1187336
1083093
2314206
676761
2300806
2026823
1119672
1632768
2631648
1735770
2544569
2493300
656713
2549294
1359788
1108430
1799539
313296
2210013
90752
1080512
2306862
990383
87154
2118190
1503647
1340750
607985
784041
689336
627422
1928356
902822
1324591
2318196
707086
1280318
1625029
439971
1948408
1709367
1478886
668372
1512292
1935593
71095
1669017
368202
1069063
1841169
1869340
1367759
1447936
1598241
2479891
1092184
1494737
2274310
1599949
964983
1613878
1878542
1788048
105053
741230
2621913
147282
2470629
1222142
498282
89570
47587
1515862
575898
595719
705524
1642304
2164942
1057642
1999223
228344
1186496
2277450
1829038
1613839
2351379
1474256
2409095
1596409
477737
1128557
1767088
2484555
757853
1649540
1439903
1888159
517024
885704
1207348
1476613
2275522
1784942
2498712
1791694
347945
574439
556599
1746193
640890
2644828
893816
587281
1266421
127386
1271762
1968544
2478332
843610
2082498
2214593
2319720
1035554
2328575
442730
1758651
1650846
1204155
1548306
1910525
2261486
815128
1196836
272190
2229341
1687165
1092446
2504968
925661
1658205
1382640
145821
2109209
1009945
1429395
2187253
561378
1353740
2370268
270707
655576
276440
1424204
1331366
171625
2287891
744346
2443786
1197243
38970
2129436
1281467
870511
397399
1422562
2098178
690206
278577
1227321
1777421
1285430
319732
968082
591662
21727
966501
958893
602274
2010744
2485693
2555001
2366642
2171988
646168
1340130
692636
323904
629529
2123421
832829
2578198
112236
2074775
2567997
2493616
2296464
1014994
1630703
2610882
768051
946260
2226463
308964
685924
460336
1790609
144543
2078477
2039192
1807077
825758
956631
683016
2125668
2035893
1971250
2422852
138389
2058225
2322116
1338712
1715050
291163
1674351
12692
2401571
1669708
1160995
1786744
1503300
870712
625512
1009715
2253922
311325
115816
467160
1047829
1842080
1513932
162201
1450842
2605685
46074
247006
1557221
716579
844773
71020
1461930
2331546
1759827
603477
2516915
725158
2608913
291231
1138691
1953402
764782
406789
827770
440560
1284712
2634928
1050204
570724
1473316
2052191
39434
1002921
1120876
1539141
2224394
2121658
1638945
138733
838286
442563
1676952
1134552
223602
1929584
1283812
2232350
230846
1719104
607353
1978374
1807392
1575013
1660771
1140076
964495
2434398
1949490
2084326
167125
1699419
1711099
1008490
2168667
2037095
1519225
1956489
2080296
900873
1375082
1219959
1557000
1347290
2508334
442249
310113
418267
1722082
1927597
1134880
1843632
1644394
77474
646078
781496
2343188
242099
1986850
488116
558005
695339
1120512
1967874
1802245
980939
1293569
1400260
1918672
1154496
321047
2496528
2622688
1606056
998191
450297
2351819
1032517
475143
1433438
762390
1843260
1611449
532679
1403823
738369
1236590
2075039
788
2003098
310855
2106395
1082872
1826445
1293600
2484998
928782
26417
742403
264581
2040489
488903
2228208
1607771
1695944
601684
1282234
2243365
1145000
2109142
933927
2370132
2206479
2246868
847345
2587123
2296746
1967200
2514871
2031352
951618
2325495
2502019
1340873
2502874
1464220
2483082
232901
48592
1959037
1007142
748715
1186673
2574944
574416
2472516
2499954
1288720
815265
1358399
833844
2565414
2040538
1880523
207422
100273
834232
824218
913577
1677676
1716741
2147047
931750
1564978
2157282
851549
992602
281877
2392598
731133
810662
1949704
1515620
1250191
1214382
1623619
1055768
2078044
740266
532840
1860269
538877
1271578
1154379
629987
946795
1837255
567917
2050494
872160
1928753
364470
1200038
1262499
2157101
1003918
1102138
999601
651270
650561
226863
122223
1595065
1955609
2161532
1855166
2459606
999128
832570
1590494
1083876
1981652
1820167
494030
1119627
1463088
1589336
703449
2350571
2095064
195723
1301108
2039387
1866683
385484
269438
2187220
62164
559645
1926961
2621884
2193384
2412401
1790939
2169098
1066427
288794
890742
1658397
658105
1996385
276392
2490103
1761746
207131
1240104
2291018
1481059
440751
296179
951796
2482520
1215808
507779
2192960
1584315
731649
161276
194775
1015900
1706302
557052
1406200
129455
2101854
2259598
1502805
2077708
248953
1140955
939964
2601382
1810325
2481306
870831
12007
2599787
1256833
1902744
2176615
1397324
600956
232534
715458
1587407
370429
936049
2415589
667607
1982241
2129035
2311208
2251417
589950
2087582
57206
870441
851475
1636890
12934
927872
2517996
578628
2098079
1035279
1613866
1413237
1074848
585651
1525016
1511339
362398
2047368
573395
1609338
2004041
2311508
1796572
1228094
217218
1730430
45111
8929
1230552
1206468
213265
1266268
2560363
1167269
1038567
1250156
806859
2383990
1679340
861032
2342520
607165
1026995
2266561
841090
107209
1913951
850767
2386075
748622
457857
717231
2346169
2515714
687041
2439377
1651532
295815
1860850
2428277
395509
646110
297243
581988
2125619
2366752
682666
93355
109040
1069896
1838457
2346008
2378983
936362
1824535
2461642
937665
292127
2353519
1662963
270905
1205432
248112
1892512
713777
1138559
1042971
1181865
195356
2442184
318399
1573122
538957
1933550
2342897
2225274
2187575
2361260
775165
718717
1620355
1756344
452727
2379710
550798
1632901
25028
2578905
2458917
829822
2122927
652427
2273617
9824
512686
129591
1062307
320979
686204
849170
2279301
1228294
720470
2514503
261800
698676
1391053
1774136
2574209
603610
1969595
588316
2400158
828287
1440021
2036616
1723960
2458127
594450
322949
1434293
1050308
807902
1331678
383618
884750
968813
376686
130606
2057939
1829837
2548408
1121914
2454396
1534402
2298300
255356
2468076
754020
897505
993086
2303301
1500191
964598
1174026
557652
127278
782888
887035
659029
142344
826164
475942
287543
2022521
2542523
1583130
1368891
1596332
256458
1559351
1467743
2621158
189586
1717062
2127057
2075308
2247298
2582295
943700
1301771
2114170
1324308
2206376
2229885
30514
883784
2415067
338182
827812
2324668
224068
237324
1960208
509933
1510863
1145431
1607678
2511091
717702
766901
876429
2305799
2305521
1015125
1979045
1489407
1098920
2323880
1166948
2048158
872927
1024008
2476307
1150526
2028719
650425
946421
1607842
1748739
2436281
1873327
1969148
454124
1587713
881219
2312265
2515744
1026373
1263749
1443522
1084690
1001731
1287392
617982
328059
1118086
1537575
2188620
1121651
1118975
1860237
930053
188597
1704597
89830
2442315
828122
249000
675440
2083368
1801436
324055
889134
1763145
1502375
2451222
384765
659034
2271516
139983
2194165
1944886
1401595
2641312
149331
840066
25092
117058
2635100
283634
130932
1671486
1757392
1564916
1819033
283127
1230381
908066
294786
2618344
550127
229950
670008
349938
2109343
221090
266697
2253142
1633667
640520
1578827
602739
2320436
1670638
2403856
1411050
1074903
146731
758354
2142196
1090118
669268
2039175
2414012
2383395
1007288
185473
498463
3233
350498
454487
1224970
2002051
2649052
1998864
658663
1977164
167427
1626371
1661594
359702
2415620
1314150
1574387
2633860
1768540
1422319
867546
882611
1545903
450900
2126178
2618433
184661
2308597
956887
1959435
2322897
773818
868952
1525851
1468473
1031581
2480774
2608600
829258
2032760
2515636
1025778
1012575
6402
1634356
44181
2131842
933956
1299899
1243937
576091
480823
1720098
1052666
17519
2569765
898521
2030179
642281
1778427
2512855
1232450
1752724
1457573
2014098
417026
2213096
902170
1980628
2130132
1838969
768960
364731
1842453
720367
412441
469238
1813386
1818408
220013
97117
931651
2407426
2036283
1496148
780474
274409
1814257
2151339
996938
2242040
69078
400910
27585
2320808
2533288
348387
1004965
2192139
2267391
1691447
323247
836474
2168350
803696
1139322
2563094
2268348
20707
576643
1599437
587303
423029
2617446
1861791
1360340
508710
56071
629951
33705
144164
1967173
2116667
1457736
402765
1686645
234595
893848
800776
704195
1485279
443267
31368
1494913
1231272
2422790
420532
1286481
643951
862142
268572
1327592
560631
1344562
415033
2096605
2044929
2555216
1331238
988849
2160219
436218
1553160
281841
279199
545010
2015902
459164
165611
1021998
620334
53009
2355706
2052117
1717539
1592456
739789
1043804
2421477
364412
2455255
1359407
701902
181592
1636560
2445428
679641
657748
1525816
2279761
787387
623058
1669109
851183
1485899
2493529
979436
1924395
1250749
1617024
1929030
1845407
2609071
921662
1032676
492212
1080973
1900639
2153412
1454268
1357793
1024969
1535696
163353
2529253
1035130
2581156
854377
1883358
2239987
136024
2256572
1014007
408759
1613378
2029967
87762
374742
205328
85664
2147764
1403220
2109186
1751919
1433798
1351005
1708486
234034
2202396
1243987
1542987
1452636
513464
40307
2471136
835508
920020
1423935
485009
538717
388162
1564603
2271317
949049
1552269
1990552
2119509
976263
1276947
644747
2221662
855791
2427741
933321
1998212
2510201
1324386
320312
2329905
626767
606374
2492026
1168887
2186157
307759
1915030
2181309
2015030
875970
1718854
576638
815054
70218
1474910
521707
2080814
1648338
1787265
754511
1021416
1388083
758528
960292
1193249
248747
736742
1667540
55026
664305
976247
2043876
714863
1922194
1088952
444612
1208571
469199
2320053
805980
479934
1434375
501252
1023501
653300
1551333
174760
1081334
2357197
1036412
2014119
2365029
2382906
2536460
405180
2505601
1185040
2631538
423235
1187687
1763099
132700
563698
1795651
5915
2128959
292679
1094101
2421814
1047827
1097657
1550152
2116018
127074
1207679
1396971
1367701
1482103
112305
1676155
926788
2430230
1830468
1295537
710470
2071652
803988
84106
2218833
460488
565253
23302
1532263
863626
1878615
963173
2387714
2460504
1566370
2045875
824490
105561
1548836
1838238
1055051
2076249
728024
1133102
2418298
595133
283391
58311
2351386
1420135
584722
1280091
80623
1207140
2448085
2221879
797029
2012701
1012115
820438
1744860
2641634
2642451
924840
1368685
2247634
2077657
582152
272882
107911
1673078
2216520
623809
2180139
1519740
251260
1069144
723045
1126141
145501
805679
1852311
664979
688865
807934
2536023
856820
1577606
2220306
895465
1584159
275149
1187042
690919
208349
577210
13421
2281629
1037251
1427836
670353
387833
247823
2256889
1586458
1953707
1773355
1304228
2139707
1253480
1225082
1350076
2579314
1159626
454929
2365671
647384
2530108
2460529
1160122
320831
1940433
15247
192866
1450577
2181243
699313
1623510
968484
1311766
1070990
1849043
15749
1884504
1250265
2587500
1228911
2383621
2623303
1670149
1972575
1370871
175721
1714662
1640571
608829
1936302
1500434
778178
1330370
743598
303010
560459
1484202
2464353
2355384
485995
456311
2607302
790889
1124804
824934
853449
124802
642700
1696888
1484810
277335
1341417
1943877
2055796
2515457
614523
2118571
1001147
12315
8862
1638299
1163117
1562710
1117997
2324334
938547
970557
2278058
1703656
1443615
1406690
961306
2269517
1070949
2114276
976655
220729
1323434
1259209
978659
64751
1767650
1592821
693477
2198769
124961
1256383
461325
2473228
294135
1103024
1956291
1271964
1953066
2419978
832063
1258818
448242
1706211
2362149
1542602
1610312
406517
1937841
1004452
2254799
1311729
957045
117227
2618546
2405098
487866
2488756
2057444
88317
2490362
662852
661235
526936
1299012
2083942
908222
1488299
78666
2260292
1373455
548632
1912168
1982884
2607836
390164
2500266
953157
354761
1272366
53602
1178717
2169000
383014
1433558
2331798
2254289
1319921
2337699
663498
1415745
1814466
1716404
1514744
470853
1952962
1198075
1412170
1988768
2575953
237905
14230
2454150
203676
27373
1898672
2228342
574543
242422
1598258
1689
402131
1289605
1460047
1961682
1674967
2648211
1320977
1561050
882116
2007558
505304
1566824
1327019
1169636
1848028
2432234
974349
2602054
2415005
1018075
1603605
1401509
365006
973079
1518994
1641800
540022
2375319
1731182
2244575
1864333
1927855
335485
1594933
650124
42360
1428870
2602775
2624687
1801184
1554093
24768
1770356
176855
622635
2218777
1421224
1957340
2266535
1717171
766301
991256
840915
580443
1144935
660605
2243657
264360
1010643
854441
1739825
222446
1736256
2037083
742049
218192
244092
837026
2329668
2178979
1604031
1898882
475849
1807377
1521169
1346517
1817554
1439514
1941841
260023
1920230
1673229
75817
1733232
1790905
2065821
2342448
2550772
1775909
330504
438870
1561998
892757
2092481
2377827
367894
839205
1402561
276189
1470813
1132529
1089487
521235
583771
307257
2089145
1056604
1427423
972263
815383
261081
250269
1930578
2544126
267113
2131114
1259987
788096
567405
1784514
2454007
675841
1373191
1941388
1918415
1236993
1849153
469494
624
998057
175667
1291450
1818212
1871935
591221
1551396
1941775
607234
167432
831437
30781
1260941
484466
2648878
4012
524373
1079483
2138244
2479893
1572168
1647845
2384044
306640
209716
1645053
1278468
1619064
2281409
2205338
1479235
734376
2165525
143140
1329323
1161572
2293266
2324645
625232
2341098
1403406
2486239
244053
2015420
2446006
565796
1059554
1926491
2353934
1541477
863866
2127204
521836
935816
2481035
364434
402411
1021909
2600981
2258370
683675
620513
2207872
530746
1466872
1191668
2496003
2227271
28418
991505
1135168
1257395
1160042
1626105
283293
2591961
1247626
161775
453115
1247441
865629
1020646
519577
2626232
2335383
818891
641986
1199959
2286838
811049
776704
1366996
55780
177386
2288449
1820824
367911
937591
412035
169299
1142835
1853576
1935054
125727
1648864
405075
960883
1307692
495899
2515039
686177
1115110
1271038
1060508
2209225
1289969
1230717
66580
1873943
1856706
937954
1619011
1512783
827234
711247
445025
186881
1339569
1220247
42352
1344356
810088
1135719
835690
2086871
1517549
1460451
2096706
43224
2059526
676340
1240400
965944
1803375
1970508
2443076
1002529
259416
638978
1547461
834730
1225880
776092
288326
491908
865024
1890672
1829295
336335
263390
2066712
76778
1889230
627155
1399466
2642591
1288972
531800
2021228
2449889
2575229
1249529
2575594
1886354
2533527
128400
2643555
396094
207241
1450439
1678886
1283973
250640
244629
2191054
946158
2014103
1351078
1381336
487328
1605048
1462910
2009084
1358833
189613
2369968
1038999
2012679
1316763
1030397
1237299
42424
2391438
874977
1277739
1828199
1330136
1252910
1917055
457865
327548
1664855
20818
1223339
1351705
504843
201657
2041380
2444066
1458094
2500906
664195
1712560
946855
515437
456828
955409
684227
992701
1429147
2440233
1593256
2181972
932011
1805432
1579613
1069844
2309294
1068908
708960
1112217
1017093
1076815
688372
2374177
423473
2558833
1818836
1205358
460679
1998070
345532
584941
1417182
2230017
1730627
2292674
336849
1757155
1537495
620534
1973360
1868792
1362260
2505042
502509
1124268
240936
1492969
970582
1461431
2100472
2635275
885836
1895816
2497746
1646156
837012
1061773
2019686
1677009
2009275
1762072
328894
516637
309704
2464619
584896
2606412
1593983
2573753
1029949
1847603
1740996
489941
748325
2188779
527277
1946316
1156440
1645528
808330
347412
1166395
2369813
334181
1922433
908195
166932
2337775
2212925
479406
2394164
2184730
110753
1359449
2481460
476306
1246050
1051955
550953
486258
2592527
13269
1797062
2483207
1261567
200471
1843344
74786
2453341
690353
1981140
500295
935712
2238115
427440
1560360
745756
314218
267175
748021
678167
1994068
1327814
2637241
1792034
1263316
1107049
2561710
1285360
1356632
155991
1151359
1763118
1246003
14519
2129725
369907
748335
2626138
970357
2029316
2247909
2030511
1233216
1145519
1451976
2335361
1989401
1376688
93277
673429
349629
1820673
2072312
876505
2285514
1829753
216534
2066747
1466415
352590
1860652
782543
152104
2100067
1428596
641214
237591
1032905
623014
1844235
1589714
881385
189483
766824
1542690
773836
187751
357911
1977836
249499
2557350
340019
215719
1972761
2518313
1144218
1555020
1584147
2636130
1272822
806952
1868151
130673
1741427
1475449
529563
1259241
2347101
1950210
1284788
105977
2610976
1573638
485551
2481447
887555
2643074
166348
2215444
468271
920810
1451669
265299
2114113
2420863
2624467
1026521
619826
1717297
983112
1271377
2628250
372228
1092575
1761558
663517
2111185
2029918
53720
201946
2207228
2305590
218003
2167037
1387113
93377
2183309
2264345
1828297
1580663
1647097
2140416
2421094
850736
1180731
365041
1002150
276381
1605876
306791
1081758
487399
1448926
2418036
517944
65308
340251
2427544
2379998
682929
2634182
1637698
2539574
1372299
458282
169721
2596079
1551161
555993
1677483
2356969
2369915
1986163
1156351
1847378
1764742
1995131
1400960
111109
1116903
1768520
1501050
1180272
2214053
703009
1587304
132252
2135176
1085923
362753
2376035
1732821
661701
607758
293573
561467
23662
2432588
1796764
1766810
958633
2152567
784912
30954
1153059
385807
965655
196009
48013
699065
1051971
1814673
566993
1425005
608431
2440820
491149
271463
1981135
898665
215891
117259
2588935
919480
1922854
2564866
1462441
174242
1119614
1884729
927505
1799745
2181232
1431347
125860
435255
394839
2340115
1328914
622229
1248038
2332396
186704
1776752
1218690
912079
1103627
1128209
61182
760697
1984818
2241395
1336217
467445
352307
475347
531928
1917357
888196
1716915
82287
1023443
1623812
779534
542823
91725
1862449
630627
724043
2204164
1727737
1505011
1605779
2329506
2025797
611848
1139868
35953
561296
569114
65146
1376956
337478
1293497
1402822
1023436
1510697
2151747
976221
2094605
1110724
704153
2637373
2568928
69212
1882741
2068443
344419
327136
1567952
747825
2109281
2232002
2160630
27193
2479388
199251
1239558
2397254
1790979
1783796
1509704
152374
1665528
489892
2183650
413530
1408476
1953091
2056574
1163965
2329352
1320172
198708
1699464
1164839
2046464
839983
1568289
1965025
568347
2567185
2187483
577000
2648198
2217671
65116
2505321
686173
485100
1695417
1529074
103777
760382
327738
231539
1062234
2183443
2532391
62953
1285565
1769605
161040
1857337
153429
28275
799761
1120431
1664593
26170
2407568
2475441
2020133
1834783
2218583
907037
861882
1750893
1348547
2330518
2210638
1537317
143194
314757
1744513
1911878
2589659
129501
471143
1938958
1800947
1724289
200439
1746826
1827022
848708
158559
206937
741288
1422513
745791
2185815
2310271
1993654
1031916
2174255
230077
369048
886066
1444413
765841
573972
196215
2496852
2049782
1872808
2273584
1498334
669518
1245813
333380
1975489
1006504
48916
640588
1774590
594734
706660
1793628
226048
1266600
1546049
637574
393085
1989006
882174
47016
5349
641572
1118447
2090778
2577931
748530
2258764
1939881
2572911
2379956
74395
1764955
722631
1203051
2641516
1454609
2516984
288407
2295951
85960
226638
1607079
952999
2383475
2259860
2540043
82235
1532119
1421757
949604
2298156
2249295
994611
1967789
738356
775141
410897
488291
1950334
312141
1323528
1046372
74899
1284980
220087
1430941
741179
996299
714027
807630
801248
2353308
773355
456982
1613597
1124994
1111379
2298348
1581611
1824751
869120
555524
1108997
1003369
1943419
900319
644905
2348888
2427669
87339
940052
1352878
347050
1529481
1365046
1615888
2245959
2049530
183156
1347982
1025095
1340525
2461523
1179044
1340199
2408066
1814061
1300773
2075758
2419019
1952573
200449
847865
189878
1048883
1266712
239603
1992889
580992
785577
616743
1405895
999164
285618
1568179
1214560
1018850
424633
1953586
1471230
879502
1386552
1389030
128237
904289
936782
737700
1020128
1408893
2209890
1870768
465874
921444
150218
1375107
1017078
263947
822501
1238869
1058954
2228488
1211798
1302264
118116
473490
2557876
187884
2580981
1310824
894518
1948554
2249016
1460379
1586494
552458
787727
1746349
1272911
2307631
648214
396862
898842
843013
1360814
426977
714508
1209046
1371690
940470
2248627
869130
1433687
544538
423129
2316112
2494393
1499706
2272362
1123965
1965579
9482
371417
1091187
2454558
1806394
1348839
293708
344785
1524658
188162
2575686
732654
1190068
1641449
1410832
2029296
1559384
2391466
1195288
2061625
1205075
705893
664542
168975
2147178
919563
1446791
1013657
2328922
50418
1558248
1602926
1957257
976164
1631709
2491951
2480425
929861
2574561
218715
573803
352817
979515
945335
289624
330814
455972
647864
1874521
490830
966583
1111448
79812
244107
725264
654244
195006
605496
917831
1522382
425800
2211362
257042
150544
273277
873090
2334364
1401872
1852906
246994
124472
1180568
1151992
1671687
2249063
326950
2626834
345936
1299773
2457999
2086590
146792
738247
249714
1926801
1140715
1254453
1416913
1928784
1821842
1890101
2441862
140638
2541101
892854
1860862
558804
85207
1230874
879989
2092751
1068603
2136200
2140707
634583
571947
315122
2589713
2205063
1036103
2320321
204272
391867
429580
186944
841842
1361321
650010
568971
1954412
1595596
2283401
416930
961583
1317326
2095672
1180569
1456581
933926
1061333
423388
741089
1470281
2611167
1278283
1061205
2420486
2245006
1738114
173760
1435083
1881856
147695
403790
2259932
1261989
1964616
970611
1408857
1162548
889687
664074
271850
635972
826342
2532037
907651
1381825
1861215
528936
2333329
1966382
329596
748338
649493
658346
1980780
1304642
2247878
2602047
736927
1328607
1234864
1312772
1162370
1372201
2228152
1368670
1394396
2597473
467542
1278421
2337788
1002903
1411511
291961
50787
2557364
1352271
152911
967953
892323
894004
485399
2225317
685999
108990
1660859
668515
2192082
695692
1562731
381745
2350458
862934
1188970
225126
507071
277889
1185768
356011
1827805
665526
1982488
1803997
2107974
1505181
1456699
307720
2135868
2008121
1097802
1841509
87190
1206328
1501385
2571116
1335709
995457
2188460
353565
684528
212287
2478724
1917031
1914317
1982919
250685
788031
1512102
2170645
2464635
2396268
2351573
1219120
2034869
2028043
497419
2225253
1922355
2522757
1430668
1727122
1645422
1674731
2613020
1381894
1805904
1882015
2243694
1354114
1424883
752232
1822833
2420323
1555869
1747968
401280
1835868
494298
1882499
1081619
2011515
394856
1395508
96890
1740473
1443974
172707
1006400
779999
2649114
1719124
239489
2454792
551711
955359
1054424
578939
2087801
1263281
1857990
480983
1094417
1094653
1839384
2593371
544257
1411186
394177
1184315
712550
1599771
817879
1692042
1625889
1822702
538529
648973
1223456
928012
2537090
2083701
1425868
1642500
1423121
884164
2570428
119518
1656286
1691547
5871
2647965
1880669
1243498
1013882
1377416
1379213
830369
1899534
1660646
956043
2441087
2441034
439537
208911
1425798
703416
2185262
801408
351461
1415519
2124992
894480
1327916
1439185
891546
1436550
344266
1506066
1257438
39581
1873786
2470613
1290347
2508723
1620996
2490804
75483
1995871
1505757
2556098
747401
1919152
1994428
1009505
1358917
1118041
30393
1846787
1498895
1312731
2577969
556453
1291382
1033518
2263890
2314075
1387590
589740
967335
2319323
709562
705049
725642
1242549
2426512
399009
85604
2592132
1556804
799520
713550
245936
2081109
1950970
2340617
938039
2554451
2508416
280254
2121762
644878
2572860
2152621
209534
1094099
1593104
1988222
1833076
1423926
2163782
2066764
1382527
1655494
1668108
1910429
880521
1872445
1010129
1408520
1722969
358829
2319203
1596132
2472980
1376305
302457
552307
2403307
1646271
1374524
2039023
2477900
481495
2104151
1480850
1074743
2118721
666110
2339423
2091132
1264623
1681400
1187744
131082
2250852
1599323
1837575
2150307
1676921
1155087
2268834
2481827
2383787
2489438
2452432
1882225
1242739
351143
943777
300301
2350196
756643
1563804
2579197
2431363
1279971
1355401
2038756
469870
524319
1446817
2506994
529284
466782
1051473
629438
622303
132552
154324
1937697
825877
114966
1151071
628945
2632992
1811789
2244697
1000038
1441293
1860573
911339
271088
42126
1496711
2526533
1036042
1025417
1979425
1114118
551044
151035
1455954
2258135
866937
762606
2165629
2278641
2331491
1193115
348567
1767143
886702
1736437
2438491
2045697
2542525
2546686
1255101
1460983
1807521
193129
952862
1807720
333413
2520461
1853873
2199443
2398001
1789220
1150813
407147
321326
2484640
978337
1648833
1027636
631272
231195
1267125
1870900
1979811
1543334
1400001
1445773
1227482
1119336
1396820
2540120
2115442
510418
207179
1232372
582911
693972
1035426
1727057
668453
288247
1530951
2089154
1238083
2162403
1291587
2054707
2586563
124255
2357074
1873950
2458366
91614
2614051
1366266
1929818
687592
142385
1989976
1804455
1291363
2436889
923363
469412
432009
2311087
2033736
1850781
2084857
2339353
318905
1442814
1844606
1199588
184250
2631921
1111811
13586
2319025
2227431
1745781
604314
1944039
75906
1700052
1932092
2320087
1491310
465804
1964313
2454138
691407
2229385
1157175
2551081
1144901
404467
1179657
2644363
1386658
1693680
190850
561031
2251460
495804
1739627
1899885
1938622
557406
2559720
1221464
2366379
663333
1776959
750080
2299103
311473
1193197
1999834
1378209
294695
2548206
735368
518958
603493
1498961
1448302
519769
1972958
767588
369419
262881
2624435
2568143
821837
523794
201453
503753
712970
1442739
2305885
1241070
952796
146267
2510850
823003
1991256
1835967
1278905
281036
2638388
828766
449567
425330
1583779
1324957
1738621
2596257
539103
2573448
2623823
969853
756870
921155
2606916
1469000
818746
2137693
1377730
2461878
2310355
2567091
2184333
1044642
1166526
1126007
902839
375288
2506962
2043475
597878
1307062
1328671
848363
386186
351529
2020239
2609867
2358311
1549609
732245
406527
2014178
1162751
1932314
1795695
210937
1943888
711152
2324534
1181916
1328280
1990097
2251335
1437652
2347631
2312532
1651695
1210905
866826
739682
871215
2502911
350357
2404763
2297855
1888500
1992376
1433279
1620313
1575128
2607107
194233
626934
410504
2440200
1489823
1921544
1887356
2530186
1209392
641967
2513915
2384945
1042405
1411263
1361289
982463
689718
1532675
1541345
1501700
14088
1490279
2582577
950248
989019
944772
1319254
1027016
1719482
72381
2618545
2378528
2136983
993941
1817160
459677
2067357
571968
1411345
55469
2347540
1530273
2067791
1802556
253259
1556576
412816
1399590
2201475
1032798
1595038
2572189
1003634
2083264
1004389
2486222
398738
1363851
39002
2230206
574814
1395325
1428802
2646501
1875113
1518647
909440
2072389
1226104
842248
40903
371543
2220638
1412645
1102125
1646200
2518089
260935
663155
1376885
1816681
131620
203187
202814
1996229
962966
1583681
353211
1085067
753105
264173
1036423
299207
1899344
366992
1751726
567040
369197
736827
1221804
646202
461692
377727
708133
1012461
342887
1777583
2159134
1053626
2100372
1930130
1500568
2429379
2558892
1556539
1676113
883656
1187492
1404712
1665278
1462836
1024995
964661
169728
600033
1752350
632985
2121168
1846452
2561377
1974360
1339695
1680806
285951
2098606
213915
1603248
1655083
156221
2615106
862706
705413
19703
1724756
1536337
1670928
852538
565338
1044635
1211879
1518806
2300173
1420962
78169
2554945
1558913
597356
494376
2153656
244637
1290581
1590215
1966785
187518
829954
1041250
2167172
1399939
1902662
330027
727224
1936482
2409596
1929589
1742593
490537
421244
864945
696883
595994
1459557
1598167
1816646
1712081
717939
968379
541119
902740
2460085
2149886
445720
1595348
1570494
2438994
1520165
2029812
2478212
147283
1639113
200714
1249395
1869837
2517208
1717603
527392
900767
102881
762440
604057
719188
1738768
1175181
881264
347400
2457954
101568
61510
1634093
847752
1934874
1917816
1982159
1225377
676771
1045347
1281055
15141
182077
674491
772004
100825
717711
1847665
2583800
1219502
1334882
1503890
346295
2403939
960015
1021678
1155482
466224
1641704
2081745
505258
2603683
2075176
2186187
1169717
1894440
1397072
1741975
2230521
2578679
1466373
1835309
2464888
1001298
237684
130243
1087147
384064
1981331
954567
532056
509410
2292037
2585866
1165830
1716748
1207096
915530
1401982
88257
1593827
232314
1548514
1551040
329154
2374761
409099
1454701
2279703
2301227
1884706
2617842
602544
1856010
1561698
1017531
450706
697156
1197522
189359
2339345
2019323
402520
1279445
326866
1653896
407583
1686060
238698
2255853
2283333
2364394
1738455
2303234
2032928
1911064
2530973
261589
1934427
2526334
1056415
783569
1481080
1310996
64204
1008879
2561703
2396599
221590
2282757
921320
628826
2520300
2484511
2628447
2031564
414063
1300556
1251151
1288576
60722
734041
1536503
1783142
1525104
2595391
1432681
479575
1137521
1788826
663
643669
2533551
2030482
2614752
2201150
107137
44881
2128955
1823820
169670
1223560
2560922
2005371
1595414
768937
2198247
841922
1476306
200824
49943
632566
823285
1714041
256482
1273656
2462709
1490185
975549
778887
2443239
453263
1608988
752723
373626
1061728
30161
279970
2167100
1000489
2376835
1402229
2506131
2351260
1012938
2291792
1548081
330446
1779614
672580
2307539
2623844
847521
243583
872340
1891083
2497415
481230
1142193
1769933
396696
762312
1224008
1632760
1175725
1858178
1055120
2122181
1890241
835806
2083273
2240563
1087845
645350
2005855
559021
2589001
2513942
98490
1663768
922143
2123784
988545
570147
1340955
1477215
1154433
1693072
2014331
1878500
2493242
157171
230665
1931945
1679557
1212671
77914
557670
996654
914339
1378966
2353534
2507690
782290
2535103
235269
651268
2251190
1754208
242338
1705186
405455
1937832
1167125
501304
1433792
2464982
764190
1890172
794309
2345602
200254
827802
2545362
1326119
964562
2156624
2033787
895632
437107
1775071
2125998
24568
1765559
2043112
323187
220781
2182280
1993926
2597424
1315707
293442
777367
1642443
2352241
2061296
230729
2203683
2411106
1049366
1184019
2414227
737509
215340
1930328
1149818
2257590
2634880
915518
497591
333687
45149
1005941
2226905
1274566
750365
2611467
2575451
1057947
182475
1818962
496995
1697857
112597
2521344
2070990
1707984
854252
1947095
1541893
253817
498341
2112932
530110
1873574
1077088
74947
180686
177736
406973
2473139
2474059
394608
151436
1068294
419621
953200
1960735
2111711
1931801
2088845
1522494
1026323
1577633
2150794
1252721
1516618
1512646
184013
927801
955654
967441
2511823
816858
2331426
178889
1475221
471228
29212
1716836
94015
675626
401878
1783998
2494601
257179
549993
668893
211210
746686
1248997
1458783
701112
1786748
1749745
837247
17369
664740
1321975
2633246
2181619
253916
2572532
1443575
436590
1157011
736538
1866298
254140
257642
1599664
1162852
157512
1028035
2580095
1812690
1851931
864366
1071686
2201585
1515071
1401389
2573498
1732219
1498397
1480842
383609
228909
1305625
1929004
1447032
403118
1377783
2543178
1538319
1469545
945387
2233194
537316
851446
985083
190160
1922435
866083
1169303
1159641
1647052
2245495
1773120
35781
1689663
1040812
1218852
1977135
1997324
1554212
731442
2597333
1988472
1711507
2567376
1586670
313401
746478
1048600
2351636
121574
2188973
93356
2204457
1719218
1807482
500334
1840417
1831609
1713119
1713765
2628773
523946
2081110
47718
2179498
578155
853308
626267
2348151
1164998
1619128
1524706
1998974
1700235
638480
2561180
1316238
468657
1411014
1450893
231295
2152891
555271
410664
233818
2189603
2064308
1973062
2562038
1820160
1356942
1911181
596433
1929610
2173957
234240
1737318
773706
2155580
1487555
2631614
136395
1801291
226280
345145
1894924
143182
2036356
1338718
2260825
1368846
1173405
62672
1043718
1430051
807854
414627
1585434
661246
818784
2091333
2516701
1989806
42757
1322566
1893154
2469532
1108802
1313368
438836
256420
1682502
1354558
2486011
31:
1127871
772137
1349495
32:
217982
557776
1191803
1560413
1375625
2384213
639301
47917
1336886
2438323
2479011
1744393
1648070
242608
1404347
1607052
2004591
1481424
2140803
2287211
2292853
1729968
284399
567986
2546031
1197717
1907177
1382435
2414138
1260257
762049
1765007
2602198
2062167
1613520
423758
1117454
338885
2282845
302790
659281
1332585
1448064
1821830
2296266
1301423
448242
393650
239431
2258640
1628543
223932
984439
190547
493487
2577409
1480585
2634044
283854
1736800
1549778
1971798
2152776
1578207
2368708
1069789
289334
920131
146203
894232
1576102
2381884
847780
1740662
121098
1025407
2293417
301808
2554860
1566924
1161642
2417766
183151
2291163
2380830
1055770
1318055
929188
2576137
2614490
1690077
1378645
1284016
2301550
1100691
136617
16789
1183860
392097
605388
314987
408645
88987
1732638
262743
1167674
1422650
1858178
1210948
1398620
596100
643565
422801
33:
244820
2087361
200675
2542474
8896
150859
1015986
1750223
246566
1163183
1554614
1591892
912864
2175558
580959
2132275
334555
2389815
1355090
2054718
267352
1653438
1932377
1087650
21334
2124919
2212095
607828
890325
1505098
1059193
2411830
77333
2499420
1897785
2501642
1077278
1822477
436947
698782
1345575
1067877
1073290
169835
1530469
948470
2040566
1517889
1784340
540205
1753054
684393
2471392
1018157
1886082
1922286
784295
2374433
649643
116101
1210827
2553254
70005
1508308
11215
725704
1188632
675171
1209972
1062600
2324275
649902
1239101
1082874
770028
429397
1714142
649215
1016140
607358
1640450
1959111
2263337
2381639
1610558
741968
1668044
2511574
2431749
177700
1938123
337249
85066
698451
2099272
678430
818526
478920
536866
1298990
612578
1254366
943543
1216140
869390
308148
1151443
1655585
2603872
1477194
1155020
549995
797921
736342
2147983
638961
2515334
1333297
533771
643813
706603
2400424
1283426
2514204
2365682
668788
283946
153036
539309
523105
1598194
1924398
1297124
1843209
1608091
1926198
1695199
67388
1021251
1497310
451866
1584655
1862492
1548039
1089125
2620660
1774576
915257
1909052
2243084
547504
228321
1237984
1016509
2329209
1561552
1418084
1131981
807541
908118
2058724
2444999
2062632
1697595
1729925
247496
2385422
1797453
185065
2436362
1565906
1238025
1402614
1219544
1024694
844214
257240
211270
1183437
2327431
1951455
1318310
1938667
2426162
651815
806105
295965
1696636
1815334
2010833
83584
2053393
52474
1432126
876066
1739865
882958
1714475
1522367
2219596
679187
1555531
1075241
280032
1597840
933493
2408204
1539441
2399580
2173514
1511558
1188955
54515
2330252
2379330
191911
480718
1774489
1595403
1992516
1054253
1331692
1022862
1901130
2123894
1808107
1220645
398660
1937866
1209635
265030
1045614
599314
1806916
1253792
930
2344608
49795
1307118
2247692
102643
1960275
1968866
856273
80871
797854
296767
2460347
1309223
2042611
2382265
2005509
1193378
222164
2511771
567175
288694
87703
913605
449310
1532926
854148
1945813
214321
2529822
1483740
654129
745604
1457244
1510468
34:
1275617
1951683
2617034
35:
1531020
398094
2165729
1077336
2030008
2248489
2395563
963350
627515
1408056
1370005
1356639
117886
2247033
1755123
2283873
1613378
319437
2086301
1402789
1069048
2350873
2244866
748748
193925
2640210
318466
1297031
249676
619985
2601712
2619473
36:
1811019
755428
539286
913797
1288960
1430601
1859268
806891
1749861
1008585
1366318
500866
2515580
44694
520507
2316533
517925
304171
2146815
561
1644596
1160477
978773
2442460
37:
353906
131601
2004327
388909
1901461
331853
2037457
2615722
185226
1866229
38:
2309150
120884
823460
1584586
350246
234454
2624281
219112
351251
2081170
990633
158827
751532
1032563
1037555
53276
1814653
2223813
590975
2425013
1357744
2478260
1090759
356948
67675
124169
1600834
1653240
39:
1323065
1508073
195428
445328
28588
659935
2040274
618186
551780
1836784
2151733
1013648
1293358
877184
2223975
631247
926241
4:
410199
2434289
2498512
2573419
40:
210487
1189322
1039248
2616386
400217
2342826
945327
2146123
2422544
2033694
1344257
2253156
1699957
516224
1516596
1913902
639923
1514561
1296554
2530608
865697
2463683
2412229
79143
1432790
1105672
588916
1108034
2474263
1769779
1450904
1986113
1906748
598850
2568913
42:
1793075
2324484
1728459
43:
27084
44:
1484465
416345
1212752
1602923
1910767
1452207
2635450
266948
2572028
57746
1396805
1301931
535303
2134521
2571477
2554556
10232
1729127
887116
386620
1986118
2362548
1768143
1168811
2575393
1080193
1709367
1843338
2417033
2024418
2374370
402727
483226
2181181
229911
1519361
1508206
1901021
1732166
506442
26965
113645
2171417
535116
2171041
704917
1835687
1346201
645375
952381
636538
1454941
2334836
459152
180639
269161
704370
2421185
1063882
930255
1958383
1828215
1577773
1858597
1764752
1348977
1872850
2561115
1453479
981430
1475897
1095654
897280
2088579
638810
1838801
1443307
2216044
2627827
1856199
1333405
2023602
677864
1511780
738256
2621714
25748
1731023
1334520
1199998
1796657
2096260
1723684
2216478
1793377
85309
972914
1578165
440219
1713335
1618360
2571460
1957827
2272836
2439932
373413
1709499
1984921
1845407
1181980
957752
1701109
256902
1376927
1408771
596328
683876
795401
346948
7377
603418
812230
1221102
1301506
500591
437371
1207635
298070
2405842
1232226
1649265
546154
2460284
404318
1410648
2592725
329682
2466694
2369547
1958157
247255
819922
581358
1790555
1951919
207349
570071
1806681
2176560
1502393
1935592
9625
886259
944414
624414
667911
2339058
114618
1615439
1292383
318756
1588648
2605238
1159041
1912781
2327278
2377602
1531728
2240925
2145288
1273394
2313881
129675
1183839
917623
1326685
2108765
572071
1923621
1494229
1397611
2356244
325923
1561388
463829
412018
748009
699493
683042
369006
1679278
2353994
1294002
2144203
1777117
779481
441234
966184
376664
1469524
2380213
1335553
744301
2610154
1421397
431056
583177
836168
1347912
117454
1970588
210101
2250969
2074058
2647345
2597473
1484825
2098765
1673942
1441325
1429094
320109
1236342
421839
2495223
1735988
1892298
1131231
581629
2433317
1827315
2093915
1321922
1013882
2493584
2586526
801761
270354
1601892
2151757
540397
70383
1057050
607546
1602759
21506
1186698
2036727
17128
119804
2288089
306132
1812024
2071054
1052725
1747204
262881
952796
1228646
455898
1162389
1509820
217234
1620318
1939694
2028677
1851057
166563
689718
784741
426928
2298663
2068415
2194794
878483
1910109
256781
437892
1055248
1385688
1183860
1425747
516114
657277
952553
2136888
537557
1735648
2099194
1901820
1813459
2347696
1131290
2428679
2035074
903673
1589304
1827958
1929738
2089668
1944047
1013361
2309247
141145
1271612
2105454
300397
189029
522689
1380382
294243
1370850
2414227
969764
367497
1114255
1873574
1288332
1918039
2038350
1153209
2277305
812136
1665304
2171192
1963333
650107
2434808
2624704
1211062
444391
45:
1447420
536650
560351
2396806
515349
985122
103434
1282664
474112
780929
1943917
1780748
2179348
2497411
172440
771931
532916
36418
539709
2020700
2624647
257535
2239812
1322255
1033348
852293
270835
1743049
105884
90624
46:
922616
1626628
817251
2093289
1823237
1198093
2589973
1558837
1254501
520854
2165002
1970633
856421
2526722
1122351
2604175
346554
1401330
1512643
367765
1895951
1775208
2556722
153781
1071540
233260
1596844
2518003
729943
1302364
1931329
1118689
1895774
1942739
333514
1553351
170812
638525
2419941
728679
2530101
364892
1109116
520803
773075
26673
1093038
6488
2261012
1226820
755346
1878907
735313
2414331
670448
2234561
2021646
705215
1637971
888991
1494130
919393
2142326
989357
1853638
2254289
2593176
347093
533295
2142858
2564497
1480215
2260762
516437
1925513
966611
2299932
1555484
646562
1105276
1752588
261901
416274
1747111
828703
1304566
1112779
101147
2063884
2635042
1807253
2525618
261724
2619034
1569176
197664
1402978
430835
820157
2524166
215808
1803891
533764
340023
2423858
78759
1074305
836625
2157185
2130168
1120295
2521856
2029469
2288193
2199674
2108263
621052
1966300
1453646
1090732
1454500
1194124
580251
435726
910402
2401342
626740
1639694
258047
764817
2618815
762650
801975
1869491
774049
1108050
2610469
2404203
457097
702185
1583711
1009633
2012412
2621330
772949
328502
1659012
2226743
2563020
2210831
2375069
2208746
2586201
805166
2166949
2539743
1549803
1757216
1551548
1722278
679437
128994
1177636
590515
45856
47:
2007993
2212395
1931804
621640
1336501
2178659
2576428
2240305
707166
175826
1018633
908384
612306
1527217
1927761
1596116
302748
47499
2590885
2423733
220203
971678
1706866
1534447
2218827
1440454
443093
964436
601392
2362622
940564
508379
2024485
2374570
1726016
650313
2021160
157473
1306470
555729
48:
2073724
88542
2064763
225544
717580
902532
2234775
1856917
165823
2620378
380505
2087078
290333
382194
501812
2147047
2539472
1341902
302406
2615142
833870
1433743
932101
2318267
2243909
337754
903348
1243085
1772176
1499620
1169583
786197
2147831
1191341
1193638
1452508
2249356
853475
1189210
2647849
24148
166041
1860383
2354642
2216788
264692
2389853
1567234
579085
2518644
1337763
762981
151759
2453746
1065511
1274635
1270536
663803
2358534
652462
1956781
1841391
1569593
118061
112170
2154608
801905
179237
2188936
1341641
443253
988545
2154672
1881870
346927
1107785
423982
2024374
1225947
863719
49:
688700
782444
787569
71020
320468
2612765
2203485
478707
2384329
278798
217419
5:
2101722
2187025
2064033
2469155
1293611
467152
2425992
952944
1919770
100750
927276
1722346
1670942
430715
1407684
401117
2573143
382445
485369
70199
1207257
358664
2620775
1160178
1595756
2145693
2170665
409927
81979
1866900
1794541
1146126
1597116
2203182
553668
2194429
959168
1488781
221630
966156
2022147
2300421
755078
2604633
209999
258801
760104
2118727
2629637
1210905
691460
1496861
1874618
1808686
789965
2498681
1132285
368977
1210948
1203279
1128196
1117357
1538319
2311028
50:
2544332
2614700
2188684
1916105
454329
51:
2586626
52:
99465
2644847
1484996
535410
1464429
2348017
1805061
317480
183716
1591559
581240
57389
943807
2020404
538673
85801
487024
156324
718745
287469
2078477
1247486
1815619
2173155
116469
587217
1079579
238756
2615235
105075
689787
1220571
1561238
2281177
47450
725704
1693403
2332413
1691574
2144198
291198
72856
695323
2184670
1358742
793877
1644769
1205986
1653066
123059
1675951
1407999
2071774
349649
559171
2283057
2157999
310494
977825
2641490
377617
1963215
848657
2020481
837924
789824
985906
942473
2617304
1279450
1587037
1690280
2023303
803784
1129128
840136
1762119
30789
16565
1611757
1649092
1478858
611761
1574534
1112914
817144
69401
229712
2554937
730255
973763
1521729
1060617
1920452
1411055
612493
1613358
2271138
461799
1379669
1727642
914457
1847949
114008
1673507
763920
1899360
956295
1746268
394975
1240597
1012552
1511565
732920
2126715
327336
2043181
2361242
1265451
785916
505279
90674
1535431
1516204
2080059
2180740
1245529
1442739
74704
2184333
1686334
930864
2233489
633079
188882
379124
2396403
1325755
918398
1346409
84093
1557429
116596
2281446
1775565
879778
131807
2322805
2348105
241948
2537488
1431048
2319238
1903419
2050617
2450171
1478051
2207504
2358045
2189440
1050712
2102605
53:
2237738
54:
2124535
823068
2211240
829567
469099
2361471
621421
55:
2347522
1257943
545781
691688
361832
2427731
1309088
2245728
2630337
2497467
2043500
1850348
411493
1556468
322139
1327759
984021
1784800
297624
1442099
679957
1744180
8886
1757577
2161277
2133198
1487885
1213511
2567827
2576890
1004656
483288
240813
1351421
2310753
272299
658792
1801776
1987585
794765
54942
2249811
69528
2059635
2468637
1874141
564551
1616768
2416745
1441849
5046
668977
563585
1821996
56:
148010
1480030
1424308
985868
1943543
1423333
938342
2114263
1987542
1570420
1537854
1409051
2395491
2483551
1152305
2499101
905033
2338801
2529285
2211647
898269
538221
1887324
2497145
872064
2553812
1625057
645730
89299
2275914
2595733
142549
1630800
139217
1811248
530525
557987
315250
282273
1826598
1193354
2564395
314385
413819
1489820
1113667
1900956
1433618
429656
265046
1221259
1104400
1065497
584266
1419750
1469556
1783521
1723831
155733
240160
919477
1130923
1253277
658879
2111055
1734737
1605792
102333
429505
2542122
2438075
57:
869664
1683079
991673
1453667
1221623
1084116
1184954
1996009
1096688
2431515
2239691
1099072
724224
1775988
483949
1502652
2270270
2491569
1716982
575277
1788733
1381592
719755
762260
1799341
1581687
2625610
654938
907827
1515665
1538751
1349613
1757577
2645322
1786190
267988
514396
521004
2177405
256732
1996825
956376
1730774
1789168
2356682
1898697
1211706
488837
182365
2600540
1119468
846395
2487278
1679136
1314920
980934
1749195
1616274
91895
1616681
1597778
606605
1058442
2314835
1990097
773510
394081
1396285
1738284
1225745
1960506
1282297
232301
529081
2598263
1559566
1921572
931341
35523
58:
2588382
684071
1832699
1020976
193516
70976
658894
1977128
2520146
1471991
2407749
1910767
1349286
724217
1409989
1900101
2503712
134485
771421
431115
987144
2370481
517066
1170807
2330253
485801
85987
1489418
2300188
572962
2384749
177146
1576556
555402
686493
2165874
1926434
2548770
2019534
1355185
313641
1883628
852097
2536383
1473704
1391502
2538668
1015601
1155306
2193882
2041376
1288720
437517
1381269
1458460
2540776
1577744
299945
1976585
2309460
1385
1091405
821134
361605
1131118
2398075
1664129
895431
1715596
936362
1185475
1939584
169495
1990611
2088579
1576948
189629
1316042
2216044
652867
763886
927302
659029
1034873
1612640
2393716
799332
1336182
909613
384352
2388298
1544076
1414878
1920133
289473
875181
2119341
1188735
1515458
427205
584096
1406873
1150486
1301700
77970
1835771
2180750
1569929
1697734
1047050
38969
1126059
364153
2168452
2015910
1661515
1696594
302336
939492
193953
648740
185900
2631786
1481942
1613378
2446487
2314195
836797
1200556
2199325
219452
1901285
2624945
2380982
1154239
2386022
253408
1292726
2184112
1675260
131023
1504130
345883
1124196
1383844
1648290
1312013
538924
855799
1896567
1628597
403901
1360421
877142
2345991
371534
2373267
1288635
249762
415138
2461669
1740969
615460
1500219
2468711
2513628
711215
199805
1127008
2356521
1223339
2097068
2135781
95661
1970161
167539
1654915
965756
2269844
2008847
780373
1092312
580572
2637241
386202
2558445
2360507
2028730
257817
1308814
2210406
2076323
2532100
940024
293573
1216299
1989411
1454366
1185325
2152684
693392
412110
1006096
1465445
2308051
933872
2389760
1697114
2459520
1696581
280193
385553
1975060
2444947
1092170
1194269
2038572
74019
2186369
1088558
699119
1862308
1800951
2521118
2509591
1492268
1931547
953602
919949
1091555
1323570
1328352
2499470
2627165
304824
905395
2367730
1559624
1794356
802403
1999327
2389458
594937
1441546
1730732
1281387
1666705
214254
1233866
572851
223160
1432334
2257503
1986290
1269341
2332240
1369962
151753
795340
1375719
1313079
35784
2241314
1723041
221750
2416053
396938
174368
1939611
678112
901884
860217
2437217
11104
1826665
1360204
1007057
2398068
249479
706971
139557
914197
1002149
749169
1245467
2413471
674325
974644
2994
42121
1105191
1193539
1665278
1223949
439815
906284
2366677
940253
1119267
1463850
374991
2532206
1112125
313206
1820515
1498985
922614
246391
246111
2599380
2407261
732476
1341641
2128147
535510
284823
1943952
783296
726171
1217929
1357964
81587
1369093
2036238
1236617
150022
121456
1675509
2197603
1856814
2163324
674866
1311573
585986
490397
2335429
2154359
2169776
1841237
59:
2517152
839594
1845773
2404115
2536741
2602500
1583805
492995
1139393
149838
6:
468582
266808
631857
113867
688463
2029758
1118398
320468
1948924
1351631
2640999
942444
1005654
1064641
1254977
1641063
2107976
1875222
2452707
793852
212870
2039559
1600311
244931
189162
1063699
284410
94660
2498382
1333911
1790163
1797692
2352259
123354
2498356
682051
60:
1024639
1780748
1301243
659140
61:
1830592
62:
1560144
1431710
1362958
1279892
1617228
2205355
981034
2460347
63:
962800
1178902
2457095
1315827
2394481
1851173
1995860
2554977
65:
932186
1973578
2424335
2564546
1586687
66:
2225711
1961116
2590161
294433
1387358
67:
958758
473435
68:
581843
1397552
2399028
1061099
804004
6409
1908751
1557542
287898
326361
2615433
1818537
2284065
1258694
832021
946840
461712
2494715
349602
1896128
1927527
614246
2115756
1450907
934686
441615
494520
966506
492528
153219
491548
146392
1418900
154588
1172720
1536137
558725
1077623
1744253
1417635
1942640
1596116
1555725
2216789
10548
179372
2284066
117227
385096
1289607
2486500
1444094
893631
1826414
1643718
2462799
432130
2273416
2140034
1422317
1740996
1569028
329043
1763905
376207
1690063
102571
2364452
510997
66257
1684258
341663
1607079
900018
115685
1106322
1393747
1709272
1061140
2058243
1886326
981649
1117752
281685
2062501
1452705
1599506
2570803
507448
771374
585215
1789643
2543444
438569
894580
1429222
708396
1733692
2406275
64270
2258579
1475258
2533739
1718564
987167
280715
288127
1323740
2126387
2066696
1889490
1912309
1625283
693582
2551974
69:
1211598
1363879
869766
2083174
2462935
7:
697116
1550847
1029108
70:
2296924
2606381
2238631
1623050
2466549
2021001
1489499
275639
1634433
915259
2477998
1622150
260924
589993
1863420
118531
619356
639329
2319383
486515
1147487
1519184
71:
862759
2309534
276860
1780403
75725
2032355
334072
2526970
1953910
1826978
2522599
2175459
1376829
1048708
1338579
1001404
1849204
935529
376998
281344
465617
941866
2177466
1580633
1062416
1301759
1425873
2177778
1357033
670551
269440
776193
6268
121639
205950
2573536
133872
410236
2399318
204921
1532825
2492646
1379440
211896
875355
1137602
2241799
27328
72:
624311
520011
2199423
133205
326071
1881705
73:
640910
1262791
843315
437595
2543463
277135
925635
2624
1154874
1354069
1663019
1110385
2595586
1446124
2174081
1586449
1568605
2145288
2193920
408964
2620485
1422062
2014433
2305495
613565
2492113
1715415
956401
74:
1045449
1187821
2314767
103141
1376566
1411138
1791760
38282
1177434
1049321
277097
2331924
2462331
2615012
974597
2367330
27608
1026790
486166
2087716
2444528
2126590
1707198
834217
1948706
507772
75:
1146715
2232637
1882757
757288
76:
843246
969295
61343
812717
1456096
659890
2384213
719288
1598646
1390277
467808
414635
255631
2303885
1287155
1682734
1438620
2417355
1743766
921080
2015284
878172
1917946
1653998
313331
1409430
492092
328496
485461
478919
846752
2556992
2071652
631001
1970677
1914623
128536
601771
2054936
1397990
981705
804056
729775
147963
1215584
477254
1097058
1361246
208538
148578
65194
532439
1538940
266114
599050
1589903
717131
1721412
2262924
2363413
1540466
1971566
2484295
807111
2544834
2187483
2339330
847471
1390399
1308266
72165
2464226
1160062
1085566
189684
872220
1706548
1649323
2184218
1336765
613515
1564255
2140601
998550
1896143
205949
1576186
180311
836005
2592234
5827
1201867
886506
525945
514146
170441
2562099
1997085
897739
779485
1471529
460258
2546736
12449
1102183
1259741
1743816
184013
941279
396708
2252362
2581848
1504391
2265021
1440013
994711
2100070
2553296
77:
2437905
888595
2156241
103018
1439566
1134700
106654
414791
433484
2413397
2076162
2388984
1644680
2571411
141745
1004578
1730949
2037286
2331132
299101
425045
1212379
2206276
1543109
21334
366425
1599677
581517
1840637
2427731
1312610
1081187
787929
378857
2382572
2584687
2043580
882629
803133
2607245
2460765
695501
2125923
627172
1929888
96183
950789
375101
1207537
897787
1177277
1718861
1169133
315570
564403
2404414
1957439
180831
428345
21652
1250874
554291
1389360
11138
1656149
460890
2232866
450340
416643
449981
1233831
532286
1847086
237585
625911
1676831
1512725
1603380
1097214
1021065
475108
206967
399586
299994
1397208
2237249
1856199
1184662
1084594
1091248
434163
915472
1591229
809831
162973
519897
1159465
532207
1742440
1006808
1766964
1974577
651072
2517512
1961753
1494913
2131112
840606
920166
1850378
939057
537782
236189
1492693
1961777
284180
1829286
1158097
2297681
180835
1298990
506616
1979863
479636
1776870
2172348
1327727
2538943
1819975
486650
870976
1319562
2050613
260080
2322209
2380810
1003703
2310096
2456299
526661
184470
1743874
77583
1972460
1304919
2423486
667438
748355
635752
2293266
1496219
2057493
2603241
456328
1053421
1234054
595568
307558
2249958
2490539
2562287
939278
2561590
1886728
701206
778775
690480
659449
814960
1215189
1848432
2412833
1608091
1468913
1723297
298269
468077
126414
35960
1393990
50809
402743
768991
2497401
724430
1993442
729014
2594855
721040
247574
788222
1827148
1014939
1312029
2424717
1264345
1860673
748009
817718
1079766
424069
1210402
2046128
2431408
2344493
2648128
2151161
689502
805257
1691917
1242108
32452
1892329
722631
603777
479980
1357890
2152707
2600397
1280627
2321810
1674456
2401100
1203347
188790
1650639
1677628
1562255
2165090
724197
2463409
2357266
1448938
1862074
2453371
2579903
2632005
95812
1889933
1897585
1477905
674315
1556164
1552874
2348920
2154977
2372270
67626
692305
1140993
1255119
244977
2340639
1616386
355877
1705520
889674
1178769
759800
299273
1191362
2121629
676967
1255765
2483306
1560106
1624455
1293631
2059635
2424986
2549351
1572040
227316
984664
1884197
1462133
1226193
2377336
1371729
330027
751592
2626427
2304627
1492082
1771719
2610445
1470796
588589
2087243
549652
81587
2019861
930706
687073
2349702
2068404
2374675
2406704
874220
2422734
73805
345028
1703677
2172209
228149
510581
1047276
2313342
1508590
838779
93356
2607183
2452374
130350
288912
1253689
848067
1055236
2133893
78:
1241173
28662
119359
1831034
681096
575383
2083123
1856990
2183025
21522
1210814
1772203
1797987
2501931
1442088
744956
928807
1126222
867406
1185475
1720149
1939441
149862
296146
2190466
2050469
294460
394559
1327032
1401016
817028
820895
535197
1032721
2564281
2304119
1405396
49493
613685
1078416
2008803
486278
459180
494024
949900
1285198
2012836
2264883
1393981
1464600
1039394
2165686
1316067
1107575
2311880
2287323
1569176
1537945
2497799
2578306
1278390
1624293
1482486
121367
2308865
2327365
1953065
1515029
1221110
1376631
2070124
1737092
2551705
1417383
504462
2464158
2365281
2637209
2070931
1447312
502375
1073385
38643
2475552
2543253
1908546
453376
1301045
1029150
300451
2637793
862413
1178246
1139699
1836147
1880439
2597161
410737
373559
1782890
79:
870373
2597249
2100794
1751760
1255014
680610
2177021
2228109
1254485
525168
2088579
1083680
182759
205752
2228939
666633
2092198
2375785
608936
2398096
1478055
1222167
1529761
655085
956533
1882759
69914
224809
2300771
485283
874650
264341
797674
1719456
1789168
1307520
864385
1890838
1001470
1075333
753518
1948296
16380
1268171
2188684
1679136
990500
587206
651351
2038546
1902078
1503794
434744
2410629
1932946
47140
508161
305466
1965943
182524
704598
37520
2332416
1439345
327061
1553072
2031943
686108
1797765
2642608
1104937
916700
2095686
324293
2469539
858345
857192
1772857
803169
8:
1729814
581894
2452344
1510648
1457155
868399
1935656
2381563
643582
1581016
2157566
892157
1850750
1337982
278596
1649154
343920
1368356
2530578
1991127
2456589
2622152
2430016
897928
1721970
1644477
1126703
675134
1101769
2472811
1751197
682831
955734
2607358
1505888
1183392
2631960
1699980
1500364
132387
1042749
1481149
168696
2339293
2492480
96083
2355791
1159974
202305
2094020
1961028
2216429
292911
996157
914421
2297948
125163
332654
2039450
35647
563887
423270
2354054
338649
2572113
907557
409592
1363869
79103
621536
1960330
993142
2585913
2300806
2629028
1724717
2458381
1943333
1709367
1359572
172412
2597911
102465
2222702
1848634
1631490
1812260
2647532
1822582
1338697
229028
642478
169906
1068538
427769
843610
1895310
1078043
1124822
2010778
96706
1226969
1333434
1123668
541383
2239691
1898399
85908
400737
2556196
837656
1509265
1604647
295528
2576108
1786541
994769
1664851
1488177
1295417
822869
1825329
1982047
1196016
1587012
1530313
1170703
1796971
452444
2002803
395036
1816191
2117067
394017
153743
2420478
271907
1205946
1489493
1976406
960527
772946
2221136
1941733
2543215
1921856
2106063
645375
2182683
468044
392334
956820
1984381
2412799
1475650
2230416
905074
344986
1928399
286153
757762
2010250
1815850
1884090
884291
67923
2575623
2233742
2000388
1554644
1743430
1593992
2291871
244961
379784
1185265
2393918
1290434
401344
502846
1669517
1581674
570717
1606587
207131
409948
1361846
2578387
530018
721924
556756
342803
574754
2328513
183291
1787066
2485470
1383905
1656573
1927066
156552
464029
848905
1857762
2452817
823699
115237
558830
72629
2127518
567870
2337730
1534254
2369983
2397677
2103180
2169112
765678
79508
1357762
2144214
1865666
2028996
305768
52439
2319181
422224
695
1608703
1562704
943873
744814
1163016
1772918
1037849
2003182
2006219
2124755
902718
2011304
1816136
358190
914221
401694
1513947
1899543
2537449
988502
2400029
1107050
1100997
714322
294809
2266549
2251830
1066008
2161918
1040462
1841371
1146804
1496433
1145558
2337151
1541676
283883
1954543
2272333
968166
1390025
967637
972700
2109179
2045407
977820
800306
1060311
189417
99865
619497
2633545
1692512
1167883
724101
2612939
2533424
772267
132677
565639
2337434
1968479
1635187
2121132
156406
1914939
2444455
2270634
2097186
2384817
612143
73989
394181
345548
1681810
957960
932168
152946
2517159
860642
482082
1498250
336680
1431924
811073
2532276
189397
553636
1464163
2597173
1992224
2290335
33066
87033
2071601
528343
1867068
428531
2514501
1605680
1853144
233923
1306989
582027
580861
2107504
615183
975886
2107067
1728469
1368684
1979409
800944
1756003
531698
658636
466631
2649033
2499854
2100637
2440399
530179
1122018
1484776
193751
2586040
219897
2314195
1202723
1881585
1461736
2526896
2260480
862298
2552455
1056337
530203
1612106
2563844
730138
89827
995259
1014783
177761
1592828
2571158
1768251
2105500
2339555
1916499
1330456
702226
1214640
399906
871249
1696597
1632291
1455142
1036694
912285
174218
1457016
329790
2461028
1484800
1941811
1317142
2593657
712618
1062201
810735
476496
2136143
2427583
1384664
17713
2426720
1645029
2375458
1112280
555120
1325888
2606388
193689
2538611
1010271
1359830
855984
1423177
2216911
1323988
1819096
360128
2038806
2462654
833204
2446710
901416
2471921
1846216
2503032
1502807
2130045
1568281
472173
256316
2218777
871377
1500833
510288
2281524
1608442
708873
1413839
927324
1996345
2563416
1595607
1620059
876199
268601
2330302
531541
1436204
1946310
362829
412761
1518853
1104511
193010
66570
2354125
2464557
469750
2117478
1423668
1857081
552511
203385
2008104
1299169
2502705
2309505
160801
2507233
1286911
406249
657310
2563421
1425490
449591
558225
2410038
230270
446049
2126920
765444
2616561
32762
1483777
1721675
1794579
1236134
737004
1179045
2331622
254375
610308
1688743
1301231
380652
166950
2449889
2058110
2122103
211505
467106
1810386
82726
1136519
1119265
888996
176020
663095
1020485
2336669
1649017
1310843
1147147
549189
2034306
475785
482717
1145926
2040313
2287010
2327374
1047589
2142342
1589531
1530606
1604834
2078709
683855
2363106
2437570
1874547
1101266
90334
2350581
1456853
2626658
2252900
1809835
1735203
2589714
2416372
2107686
1316301
653233
2616816
1182100
2292741
1397153
2069331
1859795
696431
2359587
1166197
207031
1598788
1806590
1395848
1801755
745985
2613090
1315325
1740882
416203
998178
476350
919416
114327
1245099
1472064
1852869
664605
2100097
1520279
1067949
1129771
925620
193161
759737
376662
1792694
160896
591935
1602882
2526690
1902337
1598127
1302756
309619
1437282
2632812
1188229
1250341
522020
1721758
2387289
1492402
1495189
2395221
2035813
2517523
2229008
1730888
2636261
1840067
1133334
2558096
134736
2603169
2472855
2111693
276493
675424
989738
1019287
1875595
2089600
2123571
989785
1312541
1487012
683973
473358
506033
1121521
1117708
623394
1658130
1994500
1239284
1797072
1754503
2273350
548725
1249545
155844
1274768
2187316
1330195
747719
2481922
1284947
270133
836397
79918
1480218
737396
2258083
2402317
2461695
2221449
2418962
1330874
2427227
2218380
1175189
307360
481933
1518604
699647
2495092
92544
2352721
1073564
1008243
946667
906185
2466966
556769
596832
553908
373433
21722
1094102
2497412
2318512
2338262
2434287
2351058
1517718
1884757
1020333
884736
666840
1874233
1908188
230817
2448660
2279423
2122242
2009800
1655749
840801
2511285
2233214
2412733
497078
1068413
1277595
2345797
2153452
919258
801961
1811252
2012184
2609438
322895
259275
32295
1020359
2603827
460159
1334284
168902
1974229
2241772
1526250
514772
1383092
137706
30393
1466253
165837
500218
2547948
413680
427283
791836
93709
2575138
2479541
2196243
191634
25176
846434
886628
1417922
1184063
1347238
1496118
1202818
2173260
2557166
1269095
605398
1949651
2081102
1454006
348984
786404
135213
1218696
2185558
1338587
357229
285639
863081
145009
1697542
1226348
1176611
1444437
2554912
292993
43906
714804
1625122
1652212
1365941
109135
1734461
524995
599125
2592539
2602028
458186
566482
154250
1631004
1386511
962879
1961872
93304
649016
209012
737767
191997
1428520
2239886
2245480
788312
2255393
1858836
1322367
559092
515090
1905236
1491723
1517899
1821407
906336
1878548
1868447
253215
1081034
128102
388530
2390052
2505886
757438
87468
2506798
1705361
1437423
2458045
174054
1341498
1648657
2561176
1327745
431179
1753296
1823384
2195237
1917114
2294446
714374
1825492
891846
1075708
1058179
2430871
323665
342333
985941
1927834
499574
2046291
370088
1087392
2207522
1337224
430675
959694
2581523
105572
1706217
2388007
1843888
329442
1707652
425189
100825
2240589
1753146
1682077
1209105
30996
469454
1394695
1139216
1786750
388655
2455618
514351
2253631
2629234
445744
662464
1781738
1590625
2593403
268291
1512664
2494594
1694656
2054186
2622242
2093456
726270
1649922
881644
2072329
1242215
1668157
398760
661637
1241054
87888
2616830
123117
1369483
1376211
269382
156679
1633152
40450
1826290
1391818
304566
575727
427470
2327772
1344059
1685556
933998
54606
1786788
1940068
870113
165451
1246546
1520824
1249483
2084541
937686
1911700
1565060
1462587
2527135
1476826
1835998
1474269
1380804
2566481
1101592
1870770
999426
1435401
820393
2439394
2406002
1717273
2486144
892029
1713360
2033030
2564666
2310259
105599
1057066
1993243
2137643
449252
611619
2214996
1441735
85181
2602429
2529152
1336672
2259497
1618522
2022518
80:
2343652
1582182
2271496
1083680
431655
2605501
2407472
356598
1151622
81:
454077
1164917
1199469
1552692
507634
1581300
663202
2095652
936494
572962
1782959
1612630
1840974
1753420
641401
364011
2119910
738001
2395394
28794
1852770
183636
1955539
1213038
1698472
2255887
2311958
308312
318658
859987
997864
55331
451593
716636
634033
1263908
2469383
275320
2225178
2234795
42031
2281510
1668619
1616386
2601967
532217
2000191
1434769
1562943
1307286
532515
1226104
266781
217192
143345
868746
874943
2399479
82:
2059967
1439500
888291
1074603
2413369
2053474
2488133
83:
962864
65353
1046323
1068024
903561
810926
1286505
715553
2462333
223183
740967
198847
2147375
912197
2216198
1553250
2608552
1640631
2588304
386219
166355
2276472
96882
515616
1628202
1394328
2561520
124829
2526386
2054682
1417068
2381775
2484578
2049306
1421829
2341984
795633
689751
2451560
1335775
962384
2378472
449952
240628
178914
328516
1876316
1055705
12670
1472424
1103492
1775456
803935
210093
1961837
358765
39939
2226665
608694
1011381
743376
222616
839590
1513514
1485070
1089687
1958236
2501389
2378629
195806
850603
1356923
901324
2392446
519998
1598922
538860
1017117
870253
619492
2314148
678883
2570628
1135584
1090941
990825
2561704
2387537
991974
56271
926094
1774488
1811129
2440021
586662
1248264
1554797
1053621
705116
229952
2031565
95239
365559
1830831
1150526
1842274
271999
1322040
15859
1423992
1675553
1773988
540783
989890
1490835
2494786
2415620
2472868
854875
1193761
1315827
2499610
1751557
2192420
1583615
1106131
177720
217789
1593270
320291
378387
1379279
8053
2351397
1376927
1767265
1368295
1927894
1727134
127074
1455959
1128737
552505
831894
2618927
361313
1350147
1239582
2532402
1285332
20372
829330
2314155
722626
768141
1522632
2512121
2539243
670972
81519
531119
62888
1311729
36032
8886
633794
2061841
1610383
2312550
1746110
1992953
1711448
2047770
1579223
1628041
786017
1022929
950580
193010
1752042
1328628
946380
330631
2511542
493569
775449
1108849
667438
1119528
1771725
2318471
1443592
891312
385351
499156
454172
893679
1207822
1883738
649825
654810
888443
1130705
1240400
380652
711215
210981
296341
1855478
2184523
1197303
1734956
86609
370436
2195080
1076815
2292674
1025331
2334182
1926108
669704
1041239
876389
36822
1892963
777074
2384597
1375891
2169702
2473129
2608823
2074591
1638636
818453
1084217
2145288
2072811
930657
1221817
2140245
1953523
2601761
2292392
423152
226849
293573
2283101
986961
638824
74496
480519
2508062
1188379
1273258
1163923
1007329
1372849
1444564
759414
1136945
2306123
1507644
1750893
138366
589028
1139727
1743507
352485
2283374
2163419
133101
543084
242121
1511280
1689173
1639610
459157
1101054
2490971
349807
1725924
2238775
513664
1919204
1742738
583166
746258
649264
1167992
1822988
1631626
1043672
1294396
2476078
2388694
2493879
1466570
271370
1025218
2318764
577980
250369
999528
1892099
2421282
1656649
2188460
5966
856654
510614
1749989
2460580
800691
677587
1285732
1010578
158498
872457
595549
351461
900771
1652905
316797
1449931
1643679
2139409
1009118
1029242
1210236
2416053
2549183
1891817
1880853
2019071
1033393
614125
567317
640790
1177013
39866
2043722
1211421
130797
553682
2451714
2462827
2526383
2631260
1448180
2460414
1899307
2293745
2237918
2104412
448973
420244
1440266
815469
1504815
1601721
653190
2373779
2136983
1624556
2464439
1359856
714368
2518242
1724382
339435
977587
2166648
705413
714065
812047
1741325
493758
877201
1267239
1418305
505022
1847665
174148
2095614
1974284
1899294
2416771
752723
535510
859983
2518667
325328
1744287
1040680
1086448
67517
1068809
556859
1513808
1846929
906462
2093051
2223807
969290
1779558
270763
2604430
1028843
608804
1880172
158446
753398
319301
313652
1475691
892775
438836
2418109
219336
1462398
84:
221033
2031723
296500
825016
604052
614805
406020
332241
419225
257648
466247
882170
2498932
1619064
2373330
1608091
2354642
1657168
2214253
1224403
584690
2092416
340509
2162367
1792411
2065147
2190004
85:
918023
1316043
1707677
2011791
1416231
1243044
1812408
420353
605397
1097058
382817
2371237
2084462
2122085
551682
311836
102389
2311110
2363256
787745
534657
1765226
333154
1553376
387418
1464866
1934527
712215
290535
2182761
86:
463224
1310456
1633502
323402
87:
420273
2008542
88:
644835
1843756
1291321
457899
1750443
141965
2318367
1078158
649692
681678
1741142
246624
849901
2332659
934084
1745024
1375824
2491266
2017782
305210
2504976
2258687
1197646
1374107
1571072
1700954
1213394
1529902
1367174
1234074
609188
89:
564403
1612387
144067
497920
1089164
572230
2636688
1672504
246637
284008
1714400
157591
1831972
1820949
9:
1166912
1990416
90:
2413733
2577231
1575462
2511202
982110
2082194
910342
1284186
1076204
428895
2411252
91:
2624371
1745307
1124974
2071711
40545
950088
2065442
1084933
1804724
1283426
1445444
2197697
1634298
1684118
68457
966156
815065
761711
1562946
165516
1964163
92:
751329
978709
482885
2353041
950730
1329474
1609363
1895930
93:
1159247
577335
1257144
1203723
268331
1541920
129180
2435187
1777599
1100619
1455309
94:
1336843
320738
2346829
651546
1335620
1598488
1342116
2424183
2569247
95:
217528
1337115
2497006
1570495
1223052
822613
1814653
1981067
867868
96:
2504147
922917
121074
2100003
1240258
2233289
1930407
436305
303552
1526030
380292
1154731
97:
2360952
600508
2594137
2172369
2612298
876067
1617200
2398258
585351
1753195
1694467
796788
787361
1573993
1417935
222168
672883
2446842
2008753
667640
253991
2124661
1558485
1510798
2502533
248128
633616
1905871
1793173
2091224
2127729
2239490
2173421
1048400
694989
444412
2211937
770921
1584189
829411
1851605
1534345
2232958
2515712
1907835
879758
2099177
1021121
315644
968454
2298282
816397
1732941
1192435
2196245
538854
2050541
1198540
1008606
1457703
46846
450108
1366682
604229
1495038
1006194
802361
2393741
1963661
750314
1643172
741782
1154221
1675367
2046977
2556349
390067
1485361
2377576
2131867
2545441
1847477
1434293
246302
193139
560306
1677190
1398604
679003
2192685
1172595
2367902
1748210
1804253
1939553
2413543
1126319
1105435
532604
637190
1953397
808892
2502173
2606108
1381592
1321012
2126865
1115201
232083
1319733
1045440
244599
235670
962189
593783
436905
979436
901359
1583197
2168910
1673603
2608549
199802
779258
785912
893206
1115306
1965565
745855
484520
2037398
1054416
2519996
918452
2519193
1039452
984933
2426330
876916
92303
2119172
2477040
1808292
189663
2536761
2318471
206237
719878
583290
2301318
1717906
1569944
2034757
2450725
2485679
274388
133111
333269
949730
159608
62805
2214254
2583078
184973
1921953
2287942
2395895
293048
2247429
1032306
1292635
445599
1989213
313821
2013256
402265
389010
1456150
573718
2380343
1540779
429045
2150059
1552667
1300181
1802816
1975054
1731951
644725
370572
1619120
1781798
222473
1479288
124030
1651395
2166844
1638044
2286271
903504
2178672
1206640
1269384
86359
489149
2641765
1727742
886454
1902253
2068788
1927008
2374314
1091198
1234326
1056647
39967
1136593
45062
2035454
1496258
726313
1752968
1212152
978628
1305428
2421659
1306695
1494712
300179
2240629
1103131
538529
710362
398853
1078704
1111090
630905
1334269
1292159
1570329
952654
402453
2220721
5203
1267125
1232810
2615564
2605501
2631260
1121680
569901
1138409
1361130
51900
931032
486514
2024825
358253
2536739
1804364
1029128
1473331
1331232
916885
176478
2068848
712774
1446034
2280947
44467
2629961
516403
2109346
1037581
1470507
1055050
944741
347225
2213611
1724695
545148
524543
274497
2403166
17643
1859418
1001993
105736
1231198
835749
1975453
2258025
343623
1210225
2038287
1868880
886903
501797
98:
142406
699741
1605107
